0000100001000010000111110
0000100001000110010111110
0000100011000110110011100
0000100011000110110111110
0001000001000011000101110
0001000001000111010101110
0001100011000111110011100
0001100011000111110111110
0000100110010110110110110
0000100111010110110111110
0001100111010111110111110
0010000010100010100100110
0010100011100110110111110
0100010001000110010101110
0100110001000110010111110
0101010001000111010101110
0110010010100010100100110
0110010011100110110101110
0110110011100110110111110
0111110111110101110111010
