0000001000000100000010000001000000100000011111110
0000001000000100000010000001000001100001011111110
0000001000000100000010000010000001100011001110100
0000001000000100000010000011000001100011001111100
0000001000000100000010000011000001100011011111110
0000001000000100000110000011000001100111001111100
0000001000000100000110000011000001100111011111110
0000001000001100000110000011000001101111001111100
0000001000001100000110000011000001101111011111110
0000010000000100000010000001000000110000010111110
0000010000000100000010000001000001110001010111110
0000010000000100000010000010000001110011000110100
0000010000000100000010000010000001110011010110110
0000010000000100000010000011000001110011000111100
0000010000000100000010000011000001110011010111110
0000010000000100000110000011000001110111000111100
0000010000000100000110000011000001110111010111110
0000010000001000000010000001000000111000010011110
0000011000001100000110000011000001111111001111100
0000011000001100000110000011000001111111011111110
0000001000000100000010000110000101000011011110010
0000001000000100000010000110000101100011011110110
0000001000000100000010000111000101100011011111110
0000001000000100000110000110000100100110011110110
0000001000000100000100000110000101100111001100100
0000001000000100000100000111000101100111001101100
0000001000000100000110000111000101100111011111110
0000001000001000000110000101000100101100001011100
0000001000001100000110000101000100101100001111100
0000001000001100000110000101000100101100011111110
0000001000001000000110000101000101101101001011100
0000001000001100000110000110000100101110001110100
0000001000001100000110000110000100101110011110110
0000001000001100000110000111000101101111001111100
0000001000001100000110000111000101101111011111110
0000010000000100000010000101000101110001010111110
0000010000000100000010000110000100110010010110110
0000010000000100000010000110000101110011010110110
0000010000000100000010000111000101110011010111110
0000010000000100000110000101000100110100010111110
0000010000000100000110000101000101010101000111000
0000010000000100000110000101000101010101010111010
0000010000000100000110000111000101110111000111100
0000010000000100000110000111000101110111010111110
0000010000001000000010000101000100111000010011110
0000010000001000000110000101000100111100000011100
0000010000001000000110000101000100111100010011110
0000010000001100000110000101000100111100000111100
0000010000001100000110000101000100111100010111110
0000011000001100000110000101000100111100001111100
0000011000001100000110000101000100111100011111110
0000011000001100000110000111000101111111001111100
0000011000001100000110000111000101111111011111110
0000001000000100001000000010001000100010011100110
0000001000000100001000000010001001100011011100110
0000001000000100001000000011001001000011001101000
0000001000000100001000000011001001000011011101010
0000001000000100001010000011001001000011001111000
0000001000000100001010000011001001100011011111110
0000001000000100001100000011001001100111001101100
0000001000000100001100000011001001100111011101110
0000010000000100001000000011001000110010010101110
0000010000000100001010000011001001110011010111110
0000001000000100001100000110001100100110011100110
0000001000000100001100000111001101100111011101110
0000001000000100001110000111001101000111001111000
0000001000000100001110000111001101000111011111010
0000001000000100001110000111001101100111011111110
0000001000001100001100000101001100001100011101010
0000001000001000001110000111001100101110001011100
0000001000001100001110000111001100101110011111110
0000001000001100001110000111001101101111011111110
0000010000000100001010000110001100010010010110010
0000010000000100001010000111001101110011010111110
0000010000000100001110000111001100110110010111110
0000010000000100001110000111001101110111010111110
0000010000001000001010000101001100011000010011010
0000010000001100001010000101001100011000010111010
0000011000001100001010000101001100011000011111010
0000010000001100001010000111001100111010000111100
0000011000001100001010000110001100111010001110100
0000011000001100001010000111001100111010011111110
0000010000001100001010000111001101111011000111100
0000011000001100001010000111001101111011001111100
0000010000001100001110000111001100111110000111100
0000010000001100001110000111001100111110010111110
0000011000001100001100000111001100111110001101100
0000011000001100001100000111001100111110011101110
0000011000001100001110000111001100111110001111100
0000011000001100001110000111001100111110011111110
0000011000001100001110000111001101111111001111100
0000011000001100001110000111001101111111011111110
0000001000010000000110000011010000100110011011110
0000001000010100000110000011010001100111001111100
0000001000010100000110000011010001100111011111110
0000010000010000000110000011010000110110000011100
0000010000010000000110000011010000110110010011110
0000010000010100000110000011010001110111000111100
0000010000010100000110000011010001110111010111110
0000001000010000000100000110010100100110011000110
0000001000010100000110000110010100100110011110110
0000001000010100000110000111010100100110011111110
0000001000010100000110000110010101100111011110110
0000001000010100000110000111010101000111001111000
0000001000010100000110000111010101000111011111010
0000001000010100000110000111010101100111011111110
0000001000011000000110000111010100101110001011100
0000001000011000000110000111010100101110011011110
0000010000010000000110000101010100010100010011010
0000010000010000000110000111010100110110010011110
0000010000010100000110000111010100110110010111110
0000010000010100000110000111010101110111010111110
0000001000011000001010000011011001001011011011010
0000010000010100001010000011011001010011010111010
0000001000010100001110000111011101000111011111010
0000001000011000001110000111011100101110011011110
0000001000011000001110000111011101101111011011110
0000010000010100001110000111011100110110010111110
0000011000010100001110000111011100010110011111010
0000100000000100000110000011100001100111000111100
0000100000000100000110000011100001100111010111110
0000100000001000000010000001100001001001010011010
0000100000001000000010000011100001101011010011110
0000100000001100000110000011100000101110000111100
0000100000001100000110000011100000101110010111110
0000100000001100000110000011100001101111000111100
0000100000001100000110000011100001101111010111110
0000101000001100000110000011100001101111001111100
0000101000001100000110000011100001101111011111110
0000100000001000000010000111100101101011010011110
0000100000001000000110000101100100101100010011110
0000100000001100000110000101100100001100000111000
0000100000001100000110000101100100001100010111010
0000101000001100000110000101100100001100001111000
0000101000001100000110000101100100101100011111110
0000100000001000000110000101100101101101010011110
0000101000001100000110000101100101001101001111000
0000101000001100000110000101100101101101011111110
0000100000001100000110000111100100101110000111100
0000100000001100000110000111100100101110010111110
0000100000001100000110000111100101101111000111100
0000100000001100000110000111100101101111010111110
0000101000001100000110000111100101101111011111110
0000100000000100001100000011101000100110010101110
0000100000001000001110000111101100101110010011110
0000100000001100001110000111101100001110010111010
0000101000001100001100000110101100101110011100110
0000101000001100001100000111101100101110011101110
0000101000001100001110000111101100001110001111000
0000101000001100001110000111101100101110011111110
0000101000001100001110000111101101001111011111010
0000101000001100001110000111101101101111011111110
0000100000010000000110000011110000100110010011110
0000100000010100000110000011110000100110010111110
0000100000010000000110000011110001100111010011110
0000100000010100000110000011110001000111000111000
0000100000010100000110000011110001000111010111010
0000100000010100000110000011110001100111010111110
0000101000010100000110000011110001000111011111010
0000110000010100000110000011110000110110010111110
0000110000010100000110000011110001110111010111110
0000110000010100000110000111110101110111010111110
0000100000011000001010000011111000001010010011010
0000110000010100001110000111111100010110010111010
0000001000000100010000010001000001100001011101110
0000001000000100010010010001000001100001011111110
0000001000000100010010010110000101100011011110110
0000001000000100010100010110000101100111011100110
0000010000000100010010010101000101110001010111110
0000010000000100010100010101000101110101010101110
0000001000000100011000010010001001100011011100110
0000001000000100011000010011001001100011011101110
0000001000000100011010010011001001100011011111110
0000001000001100011000010011001001101011001101100
0000001000001100011000010011001001101011011101110
0000010000000100011000010011001001110011000101100
0000010000000100011000010011001001110011010101110
0000010000001100011000010001001001111001010101110
0000011000001100011000010011001001111011001101100
0000011000001100011000010011001001111011011101110
0000001000000100011100010111001101100111011101110
0000001000001100011000010111001101101011011101110
0000001000001100011100010111001101101111011101110
0000010000000100011000010101001101010001010101010
0000010000000100011000010111001101110011010101110
0000010000000100011010010111001101110011010111110
0000010000001000011000010101001100111000010001110
0000011000001100011000010110001100111010011100110
0000011000001100011000010111001101111011011101110
0000011000001100011010010111001101111011001111100
0000011000001100011010010111001101111011011111110
0000010000001100011100010101001100111100010101110
0000011000001100011100010101001100111100011101110
0000011000001100011100010101001101111101011101110
0000001000010100010100010001010001100101011101110
0000001000010100010100010011010001100111001101100
0000001000011000010010010001010001101001011011110
0000001000011000010010010011010001101011011011110
0000010000010100010100010001010001110101000101100
0000010000010100010100010001010001110101010101110
0000010000011000010010010001010001111001000011100
0000010000011000010010010001010001111001010011110
0000001000011100010110010110010100101110011110110
0000010000011100010110010101010101111101000111100
0000011000011000010110010101010101111101001011100
0000011000011100010110010101010101111101001111100
0000001000010100011100010011011001100111011101110
0000001000011000011010010011011001101011011011110
0000001000011100011010010011011001101011011111110
0000010000010000011000010011011000110010010001110
0000010000010100011010010011011001110011010111110
0000011000011000011000010011011000111010011001110
0000010000011100011010010011011001111011010111110
0000011000011100011010010011011001111011011111110
0000011000010100011010010111011101010011011111010
0000011000011000011010010111011100111010011011110
0000011000011100011100010101011100011100011101010
0000100000000100010100010001100001100101010101110
0000100000000100010100010011100001100111010101110
0000100000001000010010010001100001101001010011110
0000100000001100010010010001100001101001010111110
0000100000001100010100010001100001101101000101100
0000100000001100010100010001100001101101010101110
0000101000001100010100010001100001101101011101110
0000110000001100010010010001100001111001010111110
0000101000001100010100010100100100101100011100110
0000100000001000010110010101100101101101010011110
0000101000001100010110010101100101001101001111000
0000101000001100010110010101100101101101011111110
0000100000001100010110010111100101101111010111110
0000101000001100010110010111100101101111011111110
0000110000001100011010010011101001111011010111110
0000101000001100011100010111101101101111011101110
0000101000010100010010010011110001000011011111010
0000100000010100010100010001110001000101010101010
0000101000010100010100010010110000100110011100110
0000100000010000010110010011110001100111010011110
0000100000010100010110010011110001100111010111110
0000101000010100010110010011110001100111011111110
0000100000011100010110010011110000101110010111110
0000101000011100010110010011110000101110011111110
0000100000011100010110010011110001101111000111100
0000100000011100010110010011110001101111010111110
0000101000011100010110010011110001101111001111100
0000101000011100010110010011110001101111011111110
0000110000010100010110010011110001110111000111100
0000110000010100010110010011110001110111010111110
0000110000011000010010010011110000111010010011110
0000110000011100010110010011110000111110000111100
0000110000011100010110010011110000111110010111110
0000111000011100010110010011110000111110001111100
0000111000011100010110010011110000111110011111110
0000111000011100010110010011110001111111001111100
0000111000011100010110010011110001111111011111110
0000100000011100010110010111110100101110010111110
0000101000011100010110010111110100101110011111110
0000110000011100010110010101110100011100010111010
0000110000011100010110010111110100111110000111100
0000110000011100010110010111110100111110010111110
0000101000011100011100010011111000101110011101110
0000110000011000011010010011111000111010010011110
0000110000011100011010010011111000111010010111110
0000110000011100011010010011111001111011010111110
0000001000100000000100100001000001100101001001100
0000001000100000000110100100000101100101011010110
0000001000100000001000100011001001100011011001110
0000001000100100001010100010001001000011001110000
0000001000101000001100100001001000101100011001110
0000010000100100001010100011001001110011010111110
0000011000100100001010100011001001110011001111100
0000011000100100001010100011001001110011011111110
0000011000101000001010100011001001111011001011100
0000011000101000001010100011001001111011011011110
0000001000100100001100100110001101100111011100110
0000001000100100001110100111001101100111011111110
0000001000101000001010100110001101101011011010110
0000001000101000001100100101001100101100011001110
0000001000101000001110100111001101101111011011110
0000001000101100001110100111001101101111001111100
0000001000101100001110100111001101101111011111110
0000011000100100001110100101001101010101011111010
0000011000100100001110100110001100110110011110110
0000011000101000001010100101001101011001011011010
0000011000101000001010100110001100111010011010110
0000011000101000001010100111001101111011011011110
0000010000101100001110100101001100111100000111100
0000010000101100001110100101001100111100010111110
0000011000101000001100100101001100111100011001110
0000011000101000001110100101001100111100011011110
0000011000101100001110100101001100111100001111100
0000011000101100001110100101001100111100011111110
0000011000101000001110100101001101111101011011110
0000011000101100001110100101001101011101001111000
0000011000101100001110100101001101011101011111010
0000011000101100001110100111001101111111001111100
0000011000101100001110100111001101111111011111110
0000011000110000001110100011011001110111001011100
0000011000110000001110100011011001110111011011110
0000001000111000001110100111011100101110011011110
0000011000110100001110100111011101010111011111010
0000100000100000000110100001100001100101010011110
0000100000100100000110100110100101100111010110110
0000100000100000001110100011101001100111010011110
0000101000100100001110100011101001100111011111110
0000101000101000001110100011101001101111001011100
0000101000101000001110100011101001101111011011110
0000110000101000001010100011101000111010010011110
0000100000101100001110100111101101101111010111110
0000101000101100001110100111101101101111011111110
0000101000110000001110100011111001000111011011010
0000011000101000010010110100000101111001011010110
0000001000110000010110110110010101100111011010110
0000001000110000011100110011011001100111011001110
0000011000110000011010110011011001110011011011110
0000011000111000011010110011011001111011011011110
0000011000111100011110110110011100111110011110110
0000100000101000010010110000100001101001010010110
0000110000100100011010110011101001110011010111110
0000100000110000010110110011110001100111010011110
0000100000110100010110110010110001100111010110110
0000101000110100010110110010110001100111011110110
0000101000111000010110110001110001101101011011110
0000110000110000010110110001110001110101010011110
0000110000110100010110110001110001110101010111110
0001000000001000000011000100000101101001010010110
0001001000001100000111000100000101101101001110100
0001001000001100001011000010001001101011001110100
0001000000001100001111000101001101001101010111010
0001000000010000000101000001010000100100010001110
0001000000010000000111000011010001100111010011110
0001000000010100000111000011010001100111010111110
0001000000010100000111000101010101000101010111010
0001000000010100000111000110010100100110010110110
0001000000010100000111000110010101100111010110110
0001000000010100000111000111010101100111010111110
0001001000010100000111000110010101100111011110110
0001001000010100000111000111010101100111011111110
0001000000011000000111000101010100101100010011110
0001001000011000000111000101010101101101011011110
0001010000010100000111000101010101110101010111110
0001000000010100001111000011011001100111010111110
0001000000011100001111000011011001101111000111100
0001000000011100001111000011011001101111010111110
0001001000011100001111000011011001101111001111100
0001001000011100001111000011011001101111011111110
0001001000011000001111000111011101101111011011110
0001100000001100000111000001100001101101010111110
0001100000001100000111000101100101101101010111110
0001000000001100011001010001001001101001010101110
0001001000010100010101010001010001100101011101110
0001000000011000010011010000010001101001010010110
0001001000011100010111010100010101101101011110110
0001001000010100011101010011011001100111011101110
0001011000011100011011010011011001111011001111100
0001011000011100011011010011011001111011011111110
0001011000011100011101010001011000111100011101110
0001100000011100010111010001110001101101010111110
0001000000100100001101100001001001100101010101110
0001001000100100001101100001001001100101011101110
0001010000110100001111100011011001110111010111110
0001100000101000001011100001101001001001010011010
0001100000101000001011100010101000101010010010110
0001100000101000001011100011101001101011010011110
0001100000101000001101100001101000101100010001110
0001100000101100001111100011101001101111000111100
0001100000101100001111100011101001101111010111110
0001100000101100001111100101101101001101010111010
0001100000101100001111100111101101101111010111110
0001101000101100001111100110101101101111011110110
0001100000110000000111100010110000100110010010110
0001100000110000000111100011110001100111010011110
0001100000101000010011110000100001101001010010110
0001101000101100011101110001101001101101011101110
0000001001000001000010000011000001100011001011100
0000001001000001000010000110000101100011011010110
0000001001000101000010000111000101100011011111110
0000001001000001000110000111000101100111001011100
0000001001000001000110000111000101100111011011110
0000001001000101000110000111000101100111011111110
0000001001001001000010000111000101101011001011100
0000001001001001000010000111000101101011011011110
0000001001001001000100000101000100101100011001110
0000001001001001000110000111000101101111001011100
0000001001001001000110000111000101101111011011110
0000001001001101000110000111000101101111001111100
0000001001001101000110000111000101101111011111110
0000010001000001000010000110000100110010010010110
0000010001000101000010000111000101110011000111100
0000010001000101000010000111000101110011010111110
0000011001000101000010000111000101110011011111110
0000010001000001000100000101000100110100010001110
0000011001000101000110000111000101110111001111100
0000011001000101000110000111000101110111011111110
0000010001001001000010000101000100111000010011110
0000011001001001000010000101000100111000011011110
0000011001001101000110000111000101111111001111100
0000011001001101000110000111000101111111011111110
0000001001000101001100000111001101100111011101110
0000010001000101001010000111001101110011010111110
0000011001001001001000000111001100111010011001110
0000001001010001000100000111010100100110011001110
0000001001010001000110000111010101100111011011110
0000001001010101000110000111010101000111001111000
0000011001010001000110000111010100110110011011110
0000100001001001000010000111100100101010010011110
0000100001001001000010000111100101101011010011110
0000100001001001000110000111100100101110010011110
0000001001000101010010010110000101100011011110110
0000001001001001010010010110000101101011011010110
0000001001001001010100010101000101101101011001110
0000010001000101010010010101000101110001010111110
0000010001001001010010010101000101111001010011110
0000001001000101011000010011001001100011011101110
0000001001001001011000010011001001101011011001110
0000010001000101011010010111001101110011010111110
0000011001010001010010010110010101110011011010110
0000011001010001011000010011011001110011011001110
0000100001001001010010010011100001101011010011110
0000100001001101010110010111100101101111010111110
0000101001001101010110010111100101101111011111110
0000010001100001000110100101000101110101000011100
0000011001100001000110100101000101110101001011100
0000001001100001001010100011001001100011011011110
0000001001100101001010100011001001100011011111110
0000010001100001001010100011001001110011010011110
0000011001100001001000100011001001110011011001110
0000001001100001001100100111001101100111011001110
0000001001101101001110100111001101101111001111100
0000011001101001001010100110001100111010011010110
0000010001110001001110100111011100110110010011110
0000011001110001001110100111011100110110011011110
0000100001100001000110100011100001100111000011100
0000100001100001000110100011100001100111010011110
0000101001100001000110100011100001100111001011100
0000101001100001000110100011100001100111011011110
0000110001100001001010100011101001110011010011110
0000100001100001010100110001100001100101010001110
0000101001100101011100110011101001100111011101110
0000110001100101011010110011101001110011010111110
0001001001001001000111000101000101101101001011100
0001001001001001001011000011001001101011001011100
0001010001001101001011000111001101111011000111100
0001000001010101000111000111010101100111010111110
0001001001010101000111000111010101100111011111110
0001010001010101000111000111010101110111010111110
0001001001011001001111000111011101101111011011110
0001011001011001001111000111011100111110011011110
0001100001001101000111000111100101101111000111100
0001100001001101000111000111100101101111010111110
0001110001010101000111000111110101110111010111110
0001001001100001000111100100000101100101011010110
0010000000000110000010000111000101100011010111110
0010000000000110000100000111000101100111010101110
0010000000001110000010000110000100101010010110110
0010000000001110000010000111000101101011000111100
0010000000001110000010000111000101101011010111110
0010000000001110000100000101000100101100000101100
0010000000001110000100000101000100101100010101110
0010000000001110000110000111000101101111000111100
0010000000001110000110000111000101101111010111110
0010000000001110001000000111001100101010010101110
0010000000010110000100000011010001100111000101100
0010000000010110000100000011010001100111010101110
0010001000010110000100000110010100100110011100110
0010001000010110000100000111010101100111011101110
0010001000010110000110000111010101000111001111000
0010001000010110000110000111010101000111011111010
0010001000011010000110000111010100101110011011110
0010010000010110000110000111010100110110010111110
0010000000000110010000010110000101100011010100110
0010001000001110011000010111001101101011011101110
0010000000011110010010010110010101101011010110110
0010001000011010010010010111010101101011011011110
0010001000011110010010010110010101101011011110110
0010010000010110010010010111010101110011010111110
0010010000011110010010010110010100111010010110110
0010010000011110010010010111010101111011010111110
0010010000011110010100010101010100111100010101110
0010011000011110010100010101010100111100011101110
0010101000011110010100010011110001101111011101110
0010000000100010000010100001000001100001010011110
0010000000100010000010100010000001100011010010110
0010000000100010000100100100000100100100010000110
0010000000100010000110100101000101100101010011110
0010001000100110000100100100000101100101011100110
0010001000100110000110100101000101100101011111110
0010001000100110001000100011001001100011011101110
0010000000100010001110100111001101100111010011110
0010001000100110001110100111001101100111011111110
0010010000100110001110100111001101110111010111110
0010010000101110001010100110001100111010010110110
0010011000101110001010100111001101111011011111110
0010011000101110001110100111001101111111001111100
0010000000110010000110100111010101100111010011110
0010100000101010000110100101100101101101010011110
0010100000101010001010100011101001101011010011110
0010101000101110001100100110101100101110011100110
0010100000110010000110100011110001100111010011110
0010110000110110000110100011110001110111010111110
0010101000101110011000110011101001101011011101110
0011000000011110000111000111010101101111000111100
0011000000011110000111000111010101101111010111110
0011000000011010001011000011011000101010010011110
0011000000011010010011010001010001101001010011110
0011000000011010011011010011011001101011010011110
0011001000011110011011010011011001101011011111110
0010000001000011000010000111000101100011010011110
0010000001000111000000000111000101100011010101110
0010000001000111000010000111000101100011010111110
0010001001000111000000000110000101100011011100110
0010001001000111000000000111000101100011011101110
0010001001000111000010000111000101100011011111110
0010001001000111000100000111000101100111001101100
0010001001000111000100000111000101100111011101110
0010000001001011000010000111000101101011010011110
0010001001001011000010000111000101101011001011100
0010010001000111000010000111000101110011010111110
0010100001001011000010000111100101101011010011110
0010000001100011000010100110000101100011010010110
0011000001010011000011000011010001100011010011110
0011010001010111011001010011011001110011010101110
0100010100000100000110000011000001110111000111100
0100010100000100000110000011000001110111010111110
0100001100000100000110000110000101100111001110100
0100001100000100000110000111000101100111001111100
0100010100000100000110000111000101110111000111100
0100010100000100000110000111000101110111010111110
0100000100000100001010000011001001000011000111000
0100000100000100001010000011001001100011010111110
0100001100000100001010000011001001000011001111000
0100001100000100001010000011001001100011011111110
0100000100000100001100000111001100100110010101110
0100001100000100001100000110001100100110011100110
0100000100000100001100000111001101100111010101110
0100000100000100001110000111001101100111010111110
0100001100000100001100000111001101100111011101110
0100001100000100001110000111001101000111001111000
0100001100000100001110000111001101000111011111010
0100001100000100001110000111001101100111011111110
0100000100001000001110000111001100101110010011110
0100000100001100001110000111001100101110000111100
0100000100001100001110000111001100101110010111110
0100001100001000001110000111001100101110001011100
0100001100001100001110000111001100101110001111100
0100001100001100001110000111001100101110011111110
0100010100000100001100000111001100110110010101110
0100010100000100001110000111001100110110010111110
0100010100000100001110000111001101110111010111110
0100010100001000001010000111001100111010010011110
0100010100001100001110000111001100111110000111100
0100010100001100001110000111001100111110010111110
0100000100010000000110000011010001100111000011100
0100000100010000000110000011010001100111010011110
0100100100001000000110000101100101101101010011110
0100100100001000001110000111101100101110010011110
0100100100010000000110000011110001100111010011110
0100000100000100010010010001000001100001010111110
0100001100000100010010010001000001100001011111110
0100010100000100010010010010000001110011000110100
0100010100000100010010010010000001110011010110110
0100010100001000010010010001000001111001000011100
0100010100001000010010010001000001111001010011110
0100000100000100011010010011001001100011010111110
0100001100000100011000010010001001100011011100110
0100001100000100011000010011001001100011011101110
0100001100000100011010010011001001100011011111110
0100010100000100011000010011001001110011000101100
0100010100000100011000010011001001110011010101110
0100001100000100011100010111001101100111011101110
0100000100001100011010010111001101101011010111110
0100001100001100011010010111001101101011011111110
0100010100000100011000010101001101010001010101010
0100010100000100011000010111001101110011010101110
0100010100000100011010010111001101110011010111110
0100010100001100011010010111001101111011000111100
0100010100001100011010010111001101111011010111110
0100011100001100011010010111001101111011001111100
0100011100001100011010010111001101111011011111110
0100010100001100011100010101001100111100010101110
0100011100001100011100010101001100111100011101110
0100000100010000010100010001010001100101010001110
0100010100010100010110010111010101110111000111100
0100001100010100011100010011011001100111011101110
0100000100011000011010010011011001101011010011110
0100001100011000011010010011011001101011011011110
0100100100001000010110010101100101101101010011110
0100101100001100010110010101100101001101001111000
0100101100001100010110010101100101101101011111110
0100101100001100010110010111100101101111001111100
0100100100001100011010010011101001101011010111110
0100101100001100011100010110101100101110011100110
0100100100010000010110010011110001100111010011110
0100100100010100010110010011110001100111010111110
0100101100010100010110010011110001000111001111000
0100101100010100010110010011110001100111011111110
0100110100010100010110010011110001110111010111110
0100001100100000001010100010001001100011011010110
0100001100100000001100100011001001100111011001110
0100000100100000001110100111001101100111010011110
0100100100100000001110100011101001100111010011110
0101000100001100001111000101001101001101010111010
0101000100010000010101010001010001100101010001110
0101001100010100011101010011011001100111011101110
0101000100100000001101100001001001100101010001110
0100000101000001000110000111000101100111010011110
0100000101000101000110000111000101100111000111100
0100001101000001000110000111000101100111001011100
0100001101000001000110000111000101100111011011110
0100001101000101000110000111000101100111001111100
0100000101000001011000010011001001100011010001110
0110000100001010000010000011000001101011000011100
0110000100001010000010000011000001101011010011110
0110000100001010000010000101000101001001010011010
0110000100001010000010000111000101101011010011110
0110000100001010000100000101000100101100010001110
0110000100001110000110000111000101101111000111100
0110000100001110000110000111000101101111010111110
0110000100010110000110000111010101100111010111110
0110001100010110000110000111010101000111001111000
0110001100010110000110000111010101100111011111110
0110010100010110001100000111011100110110010101110
0110000100100010000010100010000001100011010010110
0110000100100010000110100101000101100101010011110
0110000100100010001000100001001001000001010001010
0110000100100010001000100011001001100011010001110
0110000100100110001010100011001001100011010111110
0110001100100110001010100011001001100011011111110
0110000100101010001010100011001001101011010011110
0110001100101110001110100111001101101111001111100
0110000100110010000110100110010100100110010010110
0110100100101010001010100011101001101011010011110
0110000100110010010100110001010001100101010001110
0110000100111010011010110011011001101011010011110
0111000100011010001011000011011001101011010011110
0111000100011010011011010011011001101011010011110
0110000101000011000010000111000101100011010011110
0110000101000111000010000111000101100011010111110
0110001101000111000010000111000101100011011111110
0110000101001011000010000111000101101011010011110
0110100101001011000010000111100101101011010011110
0110000101100011001000100011001001100011010001110
0111111101001111011101010100101101011101011100010
0111111101100111010001110111100101010011011101010
0111111101101111010001110110100101011011011100010
0111110101001111010011010101100101111001010111110
0111100101011111010011010101110101101001010111110
