000001000001000001000001000001111110
000001000001000001000011000101111110
000001000001000010000011001100110100
000001000001000011000011001100111100
000001000001000011000011001101111110
000001000011000011000011011100111100
000001000011000011000011011101111110
000010000001000001000001100001011110
000010000001000001000010100101011010
000010000001000001000011100101011110
000010000001000011000011101100011100
000010000001000011000011101101011110
000011000011000011000011111100111100
000011000011000011000011111101111110
000001000001000110001011001101110110
000001000001000111001011001101111110
000001000011000110001001011001110110
000001000011000111001011011101111110
000010000001000101001010100101011010
000010000001000101001011100101011110
000010000001000111001011101101011110
000010000010000101001001110001001110
000010000011000101001001110000011100
000010000011000101001001110001011110
000011000011000101001001110000111100
000011000011000101001001110001111110
000010000011000101001011110100011100
000011000011000101001011110100111100
000011000011000111001011111100111100
000011000011000111001011111101111110
000001000100000010010001001001100110
000001000101000011010010001100111000
000001000101000011010011001101111110
000010000100000011010001101001001110
000010000101000011010011101101011110
000001000110000111011011011101101110
000001000111000111011011011101111110
000010000111000111011001111001011110
000011000110000111011001111001101110
000011000111000111011001111000111100
000011000111000111011001111001111110
000011000111000111011011111101111110
000100000010000001100011010101001110
000100000011000011100001011001011110
000100000011000011100011011100011100
000100000011000011100011011101011110
000101000011000011100011011101111110
000101000011000110101001011001110110
000101000011000111101011011101111110
000110000101000011110011101101011110
000110000111000111111001111001011110
000001001000010001000011000101101110
000001001001010001000011000101111110
000001001001010110001011001101110110
000010001001010101001011100101011110
000001001100010011010011001101101110
000001001101010011010011001101111110
000011001100010011010011101101101110
000001001110010111011011011101101110
000011001101010111011011101101111110
000100001010010001100011010101001110
000110001101010011110011101101011110
001000000100100001010010000101001010
001000000100100011010011001101001110
001001000101100010010011001101110110
001001000101100011010011001101111110
001010000101100011010011101101011110
001011000111100111011011111101111110
001100000011100011100011011100011100
001100000011100110101001011001010110
001100000011100111101011011101011110
001100000111100011110011011101011110
001100001010110001100011010101001110
001110001101110011110011101101011110
010000100001000011000011001100011100
010010100001000011000011101100011100
010010100001000011000011101101011110
010000100001000110001011001101010110
010000100001000111001011001101011110
010001100001000110001011001101110110
010001100001000111001011001101111110
010000100011000111001011011101011110
010001100011000111001011011100111100
010001100011000111001011011101111110
010010100001000101001010100101011010
010010100001000111001011101101011110
010010100010000101001001110001001110
010011100011000111001011111100111100
010011100011000111001011111101111110
010101100011000111101011011101111110
010000101100010011010011001101001110
011000100010100001000011010101001110
011000100100100010010001001001000110
011000100100100011010011001101001110
011000100101100011010011001101011110
011001100101100011010011001101111110
011010100101100011010011101101011110
011100101010110001100011010101001110
011110101101110011110011101101011110
